2016 01 03 13 11
2016 01 20 01 47
2016 02 08 08 16
2016 02 24 17 45
2016 02 28 21 42
2016 03 03 10 36
2016 03 05 12 52
2016 03 06 03 55
2016 03 10 02 31
2016 03 28 01 14
2016 04 19 05 40
2016 04 20 00 06
2016 05 05 12 59
2016 05 13 15 38
2016 05 18 17 47
2016 06 06 14 50
2016 06 26 08 31
2016 07 09 06 41
2016 07 16 22 23
2016 07 26 03 39
2016 08 05 23 47
2016 08 24 13 25
2016 08 27 22 04
2016 09 01 20 22
2016 09 03 18 06
2016 09 19 19 50
2016 11 12 10 59
2016 12 02 17 51
2016 12 02 18 26
2016 12 20 01 23
